  -0.13134    0.20071
  -0.20228    0.05163
  -0.58156    0.14341
   0.25659    0.29916
   0.00160    0.07712
   0.16733    0.13639
   0.23507    0.11311
   0.83774    0.40782
   0.19531    0.13628
  -0.09121    0.13631
   0.42636    0.11603
  -0.82924    0.05163
  -0.06171    0.04754
   0.04492    0.19154
   0.53444    0.20071
   0.67175    0.13631
  -0.79462   -0.07053
   0.23948    0.40782
   0.41278    0.19636
  -0.18610    0.01415
   0.08765    0.29916
   0.00817   -0.05993
  -0.13328    0.13339
  -0.50072    0.40781
  -0.75194    0.29625
   0.07722    0.23476
  -0.00541    0.11606
   0.34293    0.03715
   0.18317    0.13631
   0.43727    0.40782
  -0.15986   -0.07053
  -0.62748   -0.16969
  -0.21892    0.23476
   0.02535    0.05163
  -0.06195   -0.05994
   0.02230    0.40782
