  -0.13134   -0.21958
  -0.20228   -0.31263
  -0.58156   -0.06181
   0.25659   -0.06141
   0.00160   -0.35549
   0.16733   -0.28462
   0.23507   -0.19740
   0.83774   -0.08462
   0.19531   -0.23783
  -0.09121   -0.32947
   0.42636   -0.19482
  -0.82924   -0.32985
  -0.06171   -0.44872
   0.04492   -0.33978
   0.53444   -0.01656
   0.67175   -0.42927
  -0.79462   -0.49313
   0.23948    0.02832
   0.41278   -0.16729
  -0.18610   -0.41622
   0.08765   -0.40198
   0.00817   -0.15057
  -0.13328   -0.09432
  -0.50072   -0.09543
  -0.75194   -0.15349
   0.07722   -0.17721
  -0.00541   -0.08971
   0.34293   -0.21671
   0.18317   -0.09156
   0.43727   -0.03833
  -0.15986   -0.25927
  -0.62748   -0.49341
  -0.21892   -0.07080
   0.02535   -0.41427
  -0.06195   -0.38662
   0.02230   -0.05118
